Scores:
[0.73033014 0.80757213 0.76653898 0.8129563 ]
[0.82580264 0.8161288  0.82295294 0.82334888]
[0.82847581 0.83070514 0.82861704 0.82847581]
[0.8349116  0.8319358  0.8327428  0.83481577]
[0.82018142 0.81895076 0.81989141 0.81933156]
[0.82385577 0.8237095  0.82382299 0.82031508]
[0.82708627 0.82555046 0.82502591 0.82463755]
[0.83789748 0.83852038 0.83084384 0.83462663]
[0.83678029 0.83749146 0.83363301 0.83452575]
[0.83986957 0.83935259 0.83884065 0.83895413]
[0.84818414 0.84472919 0.83980652 0.84959133]
[0.85125072 0.85512429 0.84736705 0.85127846]
[0.85497802 0.85237042 0.84786134 0.85255956]
[0.85733344 0.84928619 0.85707369 0.85290253]
[0.84202071 0.85154325 0.84830771 0.85095061]
[0.85586319 0.85380536 0.85592624 0.85234772]
[0.8542946  0.85367422 0.8538684  0.85256965]
[0.85227207 0.85114228 0.85404746 0.85488976]
[0.85302863 0.85318498 0.85331107 0.85231998]
Mean Scores:
[0.77934939 0.82205832 0.82906845 0.83360149 0.81958879 0.82292583
 0.82557505 0.83547208 0.83560763 0.83925424 0.8455778  0.85125513
 0.85194234 0.85414896 0.84820557 0.85448563 0.85360172 0.85308789
 0.85296117]