Scores:
[0.77042138 0.76528183 0.76529696 0.7656248 ]
[0.80202026 0.80885197 0.81142175 0.80722285]
[0.82522388 0.82246497 0.83090562 0.82904702]
[0.83403777 0.83397473 0.83834763 0.82874187]
[0.81849808 0.82042226 0.81444293 0.82661342]
[0.83161679 0.82819967 0.82318369 0.83071649]
[0.83065344 0.83464554 0.83281467 0.83565933]
[0.83761377 0.83471363 0.83270623 0.83603761]
[0.83920254 0.83852668 0.84083922 0.83883687]
[0.84199676 0.84327282 0.84156804 0.84150499]
[0.84207493 0.84821314 0.84664454 0.84837454]
[0.84637218 0.84802652 0.84742127 0.85049794]
[0.84860403 0.8466168  0.84968842 0.84102584]
[0.84909074 0.84666219 0.85345104 0.84869229]
[0.85184966 0.85447239 0.84920423 0.8392908 ]
[0.85214724 0.85902939 0.85200349 0.85064169]
[0.85748349 0.85546096 0.85637135 0.85083335]
[0.85389488 0.85273231 0.8539428  0.85432108]
[0.85314085 0.84777686 0.84983721 0.85584176]
Mean Scores:
[0.76665624 0.80737921 0.82691037 0.8337755  0.81999417 0.82842916
 0.83344324 0.83526781 0.83935133 0.84208565 0.84632679 0.84807948
 0.84648377 0.84947407 0.84870427 0.85345545 0.85503729 0.85372277
 0.85164917]