Scores:
[0.5892763  0.60181246 0.63401155 0.69039777]
[0.75306847 0.77564667 0.77154108 0.75726989]
[0.75980183 0.76154444 0.77730353 0.75717153]
[0.77753554 0.77650914 0.76504478 0.77029781]
[0.78561557 0.78615525 0.76344087 0.77695803]
[0.78278857 0.76586186 0.77773981 0.76631075]
[0.78883094 0.77259522 0.78955472 0.8098128 ]
[0.79936727 0.78451604 0.76600056 0.80601488]
[0.76987161 0.77410581 0.76764481 0.80470352]
[0.79080808 0.78191349 0.79576101 0.78073326]
[0.80473882 0.81613762 0.79604346 0.77303907]
[0.76920584 0.78634691 0.77901587 0.81476321]
[0.80140241 0.79058111 0.8088091  0.7924145 ]
[0.81032978 0.80478674 0.80604515 0.8150154 ]
[0.82647472 0.79290374 0.79066685 0.80945722]
[0.81711863 0.80471108 0.82322657 0.81997841]
[0.82092663 0.78642257 0.79929665 0.77834506]
[0.8178651  0.8106551  0.81091485 0.8060855 ]
[0.79716316 0.7922758  0.80552817 0.80139988]
Mean Scores:
[0.62887452 0.76438153 0.76395533 0.77234682 0.77804243 0.77317525
 0.79019842 0.78897469 0.77908144 0.78730396 0.79748974 0.78733296
 0.79830178 0.80904427 0.80487563 0.81625867 0.79624773 0.81138014
 0.79909175]