Scores:
[0.71163434 0.69709078 0.71932349 0.69409229]
[0.79138558 0.79428572 0.7894034  0.78845519]
[0.79470183 0.79428824 0.80104682 0.8004668 ]
[0.8049204  0.80323832 0.79824756 0.80163946]
[0.80302648 0.80480439 0.80460012 0.80305674]
[0.80726573 0.80809542 0.81404196 0.803894  ]
[0.80892259 0.81006751 0.81254902 0.81174202]
[0.81485652 0.81242293 0.80934626 0.81276085]
[0.80403775 0.80576018 0.80495318 0.80038862]
[0.82478507 0.81076859 0.81511375 0.81942108]
[0.81971866 0.81741368 0.8104357  0.81425379]
[0.81744647 0.8138049  0.81190594 0.81370907]
[0.8145892  0.81908063 0.81473295 0.81648312]
[0.82298195 0.8172422  0.81896967 0.81704549]
[0.82172606 0.81859643 0.81987754 0.82165545]
[0.82340057 0.82201607 0.82004146 0.82451019]
[0.82345101 0.82058114 0.82379398 0.81862418]
[0.81951691 0.82529953 0.82443706 0.82423027]
[0.82408904 0.82698666 0.82610401 0.82319126]
Mean Scores:
[0.70553523 0.79088247 0.79762592 0.80201143 0.80387193 0.80832428
 0.81082028 0.81234664 0.80378493 0.81752212 0.81545546 0.8142166
 0.81622147 0.81905983 0.82046387 0.82249208 0.82161258 0.82337094
 0.82509274]