Scores:
[0.5544217  0.51158037 0.64708486 0.5516754 ]
[0.73861066 0.79861575 0.78038776 0.78001453]
[0.79442947 0.73551382 0.81223379 0.74750525]
[0.81062736 0.80800967 0.77164448 0.81107373]
[0.80860483 0.70710508 0.76241952 0.81257928]
[0.83467832 0.80270368 0.81206987 0.7828844 ]
[0.80607541 0.81384021 0.7814419  0.81783736]
[0.80119057 0.77634522 0.82373346 0.7726734 ]
[0.83425213 0.83108468 0.82205138 0.81452616]
[0.8098355  0.79199335 0.82692109 0.75733546]
[0.83504399 0.83528609 0.82669917 0.78266752]
[0.80885954 0.82698161 0.79208666 0.81489182]
[0.83151844 0.80111239 0.81055927 0.82214973]
[0.82725397 0.81166637 0.83029786 0.8348145 ]
[0.83930089 0.81532558 0.8296447  0.82872926]
[0.82086359 0.8196304  0.81457155 0.82213712]
[0.83592412 0.83177062 0.83041891 0.8150154 ]
[0.82046261 0.79678488 0.823103   0.79025579]
[0.84672272 0.82905206 0.83206064 0.81413275]
Mean Scores:
[0.56619058 0.77440717 0.77242058 0.80033881 0.77267718 0.80808407
 0.80479872 0.79348566 0.82547859 0.79652135 0.81992419 0.81070491
 0.81633496 0.82600818 0.82825011 0.81930066 0.82828226 0.80765157
 0.83049204]