Scores:
[0.85164034 0.85076778 0.83176053 0.83151339]
[0.87475822 0.87726494 0.88082581 0.87371417]
[0.87023148 0.87526007 0.88027856 0.87442785]
[0.88234901 0.88277773 0.8734292  0.88970779]
[0.89006085 0.88199595 0.88533489 0.88174881]
[0.906115   0.90238013 0.90447327 0.90984987]
[0.90017098 0.90079892 0.9019842  0.90060979]
[0.90491208 0.89865787 0.89914459 0.89537441]
[0.90498521 0.90273571 0.90284415 0.90114946]
[0.90772395 0.9136377  0.9099911  0.91735997]
[0.91582163 0.91603347 0.91478011 0.91386467]
[0.91704221 0.91568293 0.91836367 0.91557449]
[0.92038872 0.91682029 0.91758441 0.91901431]
[0.91152439 0.91733223 0.91745328 0.91598808]
[0.91649497 0.91219268 0.91040468 0.91928162]
[0.91448253 0.91389746 0.91322412 0.91552658]
[0.91478515 0.91603347 0.91379658 0.91663619]
[0.91434887 0.91377641 0.91746336 0.91691612]
[0.91253565 0.91200858 0.91110828 0.91187997]
Mean Scores:
[0.84142051 0.87664078 0.87504949 0.88206593 0.88478513 0.90570457
 0.90089097 0.89952223 0.90292863 0.91217818 0.91512497 0.91666583
 0.91845193 0.91557449 0.91459349 0.91428267 0.91531285 0.91562619
 0.91188312]